0
3
8
13
15
16
18
21
23
25
28
29
32
36
41
42
49
50
57
58
61
63
66
67
68
69
76
77
78
86
89
94
98
99
100
102
106
108
110
114
116
122
125
127
128
131
136
140
141
143
144
148
151
157
161
166
172
177
180
183
184
186
188
191
195
198
200
201
206
207
215
216
217
219
220
221
222
227
228
230
234
235
239
247
248
249
252
253
254
255
259
260
261
263
264
267
275
279
282
284
287
290
294
299
306
308
317
320
322
323
324
330
334
335
339
340
341
344
346
347
364
368
371
372
373
375
380
383
384
388
389
393
395
396
399
401
402
403
404
405
407
408
410
411
412
414
416
420
424
427
428
432
442
443
444
448
452
453
456
457
472
477
478
481
486
489
491
492
493
499
500
502
506
514
518
523
524
528
529
532
533
535
536
542
543
544
547
548
551
555
556
560
562
563
566
571
575
578
581
583
585
587
590
594
596
597
599
602
603
607
611
613
616
625
627
631
632
635
638
640
642
643
644
646
647
648
649
650
652
654
655
657
664
671
672
674
683
684
686
690
691
695
698
699
700
701
710
711
719
727
737
741
743
745
746
750
754
757
758
763
765
766
770
775
783
785
790
791
794
795
799
800
804
809
814
818
819
822
825
826
827
836
838
839
841
843
845
855
858
859
862
866
868
870
871
882
884
885
886
888
892
893
896
899
904
906
909
910
913
915
916
924
925
929
930
934
939
940
946
949
950
953
957
958
961
962
964
971
974
975
976
977
980
982
987
988
989
991
995
998
1003
1006
1014
1015
1016
1020
1023
1032
1036
1041
1042
1048
1050
1054
1057
1060
1062
1064
1065
1074
1077
1080
1082
1084
1086
1087
1091
1095
1098
1102
1110
1115
1120
1123
1124
1127
1129
1131
1133
1134
1138
1141
1145
1150
1151
1155
1164
1171
1173
1174
1176
1180
1184
1185
1186
1187
1188
1190
1194
1198
1202
1203
1206
1207
1217
1226
1227
1230
1232
1235
1242
1244
1246
1256
1257
1258
1260
1267
1275
1280
1284
1287
1290
1293
1294
1295
1299
1302
1306
1315
1320
1321
1322
1323
1324
1325
1330
1331
1334
1337
1343
1344
1348
1353
1358
1361
1362
1363
1364
1365
1366
1367
1368
1372
1374
1377
1378
1379
1381
1382
1383
1384
1389
1390
1393
1396
1397
1398
1399
1400
1402
1405
1408
1414
1418
1423
1426
1432
1433
1436
1439
1440
1442
1444
1448
1453
1456
1460
1461
1463
1464
1467
1470
1472
1475
1478
1480
1485
1486
1489
1493
1501
1504
1508
1511
1516
1517
1519
1524
1526
1527
1530
1533
1534
1538
1541
1546
1554
1558
1559
1561
1562
1566
1572
1575
1576
1578
1580
1583
1584
1585
1588
1594
1595
1598
1599
1603
1604
1605
1607
1609
1611
1612
1613
1614
1616
1622
1623
1624
1627
1629
1631
1635
1640
1642
1643
1645
1646
1648
1649
1650
1654
1655
1656
1661
1666
1669
1672
1676
1677
1678
1680
1684
1688
1695
1697
1698
1701
1703
1704
1705
1706
1707
1711
1715
1717
1718
1720
1724
1728
1733
1734
1735
1737
1738
1740
1741
1742
1743
1744
1745
1747
1751
1752
1754
1759
1763
1767
1768
1770
1772
1774
1776
1777
1780
1787
1788
1792
1793
1799
1800
1805
1808
1811
1819
1828
1832
1833
1836
1837
1838
1841
1842
1845
1849
1853
1854
1858
1859
1860
1861
1862
1865
1868
1875
1879
1880
1883
1884
1885
1889
1891
1892
1893
1898
1902
1905
1914
1919
1926
1928
1929
1931
1932
1934
1935
1938
1942
1949
1952
1956
1957
1958
1960
1966
1969
1970
1973
1976
1977
1978
1980
1983
1985
1989
1990
1991
1997
2000
2003
2007
2009
2019
2020
2024
2027
2028
2032
2033
2039
2041
2046
2047
2048
2050
2051
2052
2053
2061
2063
2067
2073
2074
2075
2078
2081
2088
2092
2093
2096
2104
2113
2114
2120
2121
2127
2129
2130
2134
2138
2139
2140
2142
2144
2149
2150
2152
2162
2166
2168
2169
2170
2172
2173
2176
2184
2186
2189
2192
2193
2196
2197
2201
2205
2209
2210
2213
2217
2219
2221
2224
2225
2226
2228
2233
2238
2242
2251
2255
2259
2260
2261
2265
2267
2269
2270
2271
2273
2277
2278
2280
2282
2283
2288
2292
2294
2295
2299
2302
2304
2310
2314
2315
2319
2321
2324
2327
2331
2333
2335
2338
2342
2346
2349
2352
2356
2357
2358
2362
2365
2369
2370
2373
2379
2381
2383
2384
2387
2391
2394
2396
2403
2404
2405
2407
2408
2412
2414
2416
2417
2419
2423
2427
2431
2433
2434
2435
2436
2437
2440
2447
2449
2453
2456
2459
2460
2461
2462
2463
2464
2468
2470
2472
2473
2477
2483
2490
2491
2492
2500
2501
2504
2505
2506
2508
2509
2512
2516
2519
2520
2521
2524
2526
2529
2532
2534
2536
2537
2538
2539
2540
2541
2546
2549
2551
2554
2557
2558
2559
2562
2563
2569
2578
2582
2586
2594
2595
2596
2597
2598
2601
2602
2603
2611
2613
2616
2618
2632
2634
2641
2650
2653
2655
2657
2662
2663
2666
2670
2673
2674
2676
2681
2682
2685
2686
2687
2689
2691
2692
2693
2694
2695
2696
2697
2700
2701
2705
2708
2709
2710
2713
2721
2723
2724
2727
2738
2748
2749
2753
2757
2758
2761
2767
2771
2775
2786
2788
2791
2793
2796
2799
2800
2802
2806
2807
2808
2810
2811
2813
2816
2817
2818
2820
2824
2829
2832
2833
2834
2837
2838
2840
2841
2842
2844
2845
2847
2852
2853
2854
2858
2864
2866
2870
2871
2873
2874
2878
2880
2882
2883
2885
2886
2891
2893
2898
2899
2906
2909
2914
2919
2922
2925
2927
2936
2944
2945
2950
2952
2955
2960
2966
2970
2972
2973
2980
2985
2989
2990
2991
2994
2995
2998
2999
3001
3003
3011
3016
3022
3023
3026
3031
3033
3036
3037
3040
3041
3043
3045
3046
3047
3050
3051
3052
3053
3054
3057
3058
3059
3060
3061
3065
3070
3073
3077
3078
3079
3081
3085
3088
3089
3091
3092
3098
3100
3101
3104
3106
3108
3109
3121
3127
3130
3133
3135
3136
3137
3138
3142
3148
3149
3156
3160
3162
3168
3174
3176
3183
3184
3188
3195
3196
3199
3202
3204
3207
3209
3214
3216
3217
3220
3227
3229
3234
3236
3239
3241
3242
3244
3246
3248
3250
3252
3253
3256
3257
3259
3263
3266
3269
3270
3273
3274
3276
3278
3281
3285
3289
3291
3293
3296
3301
3303
3309
3311
3312
3313
3314
3316
3318
3321
3322
3324
3325
3326
3330
3331
3335
3336
3337
3339
3340
3341
3343
3347
3354
3361
3365
3368
3369
3374
3378
3383
3387
3391
3392
3393
3399
3401
3402
3403
3405
3406
3407
3410
3416
3417
3419
3420
3424
3428
3429
3432
3436
3439
3440
3443
3444
3445
3455
3464
3467
3468
3471
3475
3477
3478
3479
3480
3481
3491
3494
3498
3502
3504
3505
3506
3507
3508
3510
3511
3515
3518
3522
3523
3527
3533
3538
3540
3541
3555
3563
3564
3566
3567
3575
3579
3586
3590
3593
3594
3596
3599
3602
3606
3610
3615
3618
3622
3627
3630
3633
3634
3635
3638
3639
3641
3643
3644
3645
3646
3649
3650
3652
3653
3657
3662
3668
3675
3676
3678
3679
3680
3682
3686
3690
3691
3696
3697
3699
3703
3706
3707
3711
3712
3714
3715
3720
3725
3728
3732
3735
3744
3746
3748
3753
3754
3756
3757
3760
3763
3768
3783
3787
3788
3791
3792
3794
3795
3796
3800
3806
3807
3809
3812
3814
3816
3821
3825
3828
3829
3832
3835
3839
3842
3847
3852
3859
3862
3863
3864
3865
3870
3873
3876
3885
3887
3890
3892
3899
3900
3903
3905
3907
3910
3911
3914
3917
3920
